47
11 12 147
12 11 147
31 30 49
30 31 49
30 32 49
32 30 49
18 39 52
39 18 52
39 43 52
43 39 52
43 21 104
21 43 104
35 8 146
8 35 146
2 3 148
3 2 148
3 0 147
0 3 147
0 1 146
1 0 146
16 34 145
34 16 145
34 26 147
26 34 147
24 21 147
21 24 147
42 33 66
33 42 66
38 45 52
45 38 52
45 23 104
23 45 104
23 34 104
34 23 104
34 2 104
2 34 104
2 33 107
33 2 107
41 36 146
36 41 146
36 29 146
29 36 146
32 35 98
35 32 98
12 4 103
4 12 103
4 41 98
41 4 98
33 11 146
11 33 146
38 37 146
40 41 147
41 40 147
26 25 146
25 26 146
24 26 104
26 24 104
32 40 146
40 32 146
21 25 104
25 21 104
25 0 104
0 25 104
0 12 107
12 0 107
12 9 146
9 12 146
9 10 146
10 9 146
33 31 104
31 33 104
13 38 146
38 13 146
25 27 146
27 25 146
39 37 146
31 7 146
7 31 146
7 4 146
4 7 146
4 6 146
6 4 146
6 28 146
28 6 146
41 5 98
5 41 98
14 23 146
23 14 146
23 24 146
24 23 146
36 6 97
6 36 97
6 9 104
9 6 104
9 1 107
1 9 107
1 27 104
27 1 104
27 22 104
22 27 104
22 44 104
44 22 104
44 20 104
20 44 104
17 30 80
30 17 80
19 18 146
18 19 146
18 20 146
20 18 146
26 3 104
3 26 104
3 11 107
11 3 107
40 8 99
8 40 99
8 5 146
5 8 146
21 22 146
22 21 146
29 28 98
28 29 98
28 10 103
10 28 103
19 37 52
37 19 52
37 46 52
46 37 52
46 24 104
24 46 104
44 43 146
43 44 146
43 46 147
46 43 147
46 45 146
45 46 146
45 15 146
15 45 146
11 7 104
7 11 104
7 40 98
40 7 98
16 14 104
14 16 104
14 15 104
15 14 104
15 13 52
13 15 52
